m1=1;
c1=200;
m2=20;
c2=1000;
b1=5;
b2=5;